{
 "cells": [
  {
   "cell_type": "code",
   "execution_count": 1,
   "id": "e3725251-cab2-4191-9845-ea620387f1d6",
   "metadata": {},
   "outputs": [
    {
     "name": "stdout",
     "output_type": "stream",
     "text": [
      "Forward Algorithm Output (alpha):\n",
      "[[5.08101246e-06 5.08120344e-06 5.08111811e-06 3.70980202e-01\n",
      "  5.08103561e-06]\n",
      " [3.44882604e-09 4.15916396e-08 2.91103329e-07 3.54247811e-01\n",
      "  2.07059554e-07]\n",
      " [3.12174837e-09 3.95792500e-08 2.77837981e-07 3.38269614e-01\n",
      "  1.97565734e-07]\n",
      " ...\n",
      " [0.00000000e+00 0.00000000e+00 0.00000000e+00 0.00000000e+00\n",
      "  0.00000000e+00]\n",
      " [0.00000000e+00 0.00000000e+00 0.00000000e+00 0.00000000e+00\n",
      "  0.00000000e+00]\n",
      " [0.00000000e+00 0.00000000e+00 0.00000000e+00 0.00000000e+00\n",
      "  0.00000000e+00]]\n",
      "Most Probable Hidden State Sequence (0-indexed):\n",
      "[3 3 3 ... 0 0 0]\n",
      "Initial Probabilities:\n",
      "[0.14217181 0.18004228 0.1608936  0.37100053 0.14589178]\n",
      "Transition Matrix:\n",
      "[[9.54568201e-01 4.04632542e-02 3.68172719e-03 8.22133257e-04\n",
      "  4.64684015e-04]\n",
      " [3.21497121e-02 9.04087163e-01 4.84080388e-02 9.68160777e-03\n",
      "  5.67347860e-03]\n",
      " [3.19024606e-03 5.24021605e-02 8.72863957e-01 5.97934237e-02\n",
      "  1.17502132e-02]\n",
      " [2.46561832e-04 3.95868720e-03 2.48342557e-02 9.54947674e-01\n",
      "  1.60128212e-02]\n",
      " [4.52835447e-04 1.10770517e-02 1.37592309e-02 3.58436673e-02\n",
      "  9.38867215e-01]]\n",
      "Emission Matrix:\n",
      "[[9.99857046e-01 3.57385369e-05 3.57385369e-05 3.57385369e-05\n",
      "  3.57385369e-05]\n",
      " [2.82222787e-05 9.99887111e-01 2.82222787e-05 2.82222787e-05\n",
      "  2.82222787e-05]\n",
      " [3.15806095e-05 3.15806095e-05 9.99873678e-01 3.15806095e-05\n",
      "  3.15806095e-05]\n",
      " [1.36969415e-05 1.36969415e-05 1.36969415e-05 9.99945212e-01\n",
      "  1.36969415e-05]\n",
      " [3.48274301e-05 3.48274301e-05 3.48274301e-05 3.48274301e-05\n",
      "  9.99860690e-01]]\n"
     ]
    }
   ],
   "source": [
    "import numpy as np\n",
    "import pandas as pd\n",
    "\n",
    "# Load the dataset\n",
    "df = pd.read_csv('C:/Users/ASUS/Downloads/solar_weather.csv')\n",
    "\n",
    "# Check if the weather_type column exists\n",
    "if 'weather_type' not in df.columns:\n",
    "    raise ValueError(\"The dataset must contain a 'weather_type' column.\")\n",
    "\n",
    "# Extract the weather_type column as an observation sequence\n",
    "weather_data = df['weather_type'].values\n",
    "\n",
    "# Initialize parameters\n",
    "n_states = 5  # Assuming hidden states are labeled from 0 to 4\n",
    "n_observations = 5  # Assuming weather types are labeled from 1 to 5\n",
    "\n",
    "# Function to compute initial probabilities\n",
    "def compute_initial_probabilities(weather_data):\n",
    "    initial_counts = np.zeros(n_states)\n",
    "    # Count each state occurrence\n",
    "    for state in weather_data:\n",
    "        initial_counts[int(state) - 1] += 1\n",
    "    # Normalize to get initial probabilities\n",
    "    initial_probabilities = initial_counts / initial_counts.sum() if initial_counts.sum() > 0 else np.ones(n_states) / n_states\n",
    "    return initial_probabilities\n",
    "\n",
    "# Function to compute transition matrix\n",
    "def compute_transition_matrix(weather_data):\n",
    "    transition_matrix = np.zeros((n_states, n_states))\n",
    "    for i in range(len(weather_data) - 1):\n",
    "        current_state = int(weather_data[i]) - 1\n",
    "        next_state = int(weather_data[i + 1]) - 1\n",
    "        transition_matrix[current_state][next_state] += 1\n",
    "    transition_matrix /= transition_matrix.sum(axis=1, keepdims=True)\n",
    "    return transition_matrix\n",
    "\n",
    "# Function to compute emission matrix with structured logic\n",
    "def compute_emission_matrix(weather_data):\n",
    "    emission_matrix = np.zeros((n_states, n_observations))\n",
    "    \n",
    "    # Map weather types to states using the given mapping\n",
    "    for i in range(len(weather_data)):\n",
    "        current_observation = int(weather_data[i]) - 1  # Convert to 0-indexed\n",
    "\n",
    "        # Define logic to assign states based on weather types\n",
    "        if current_observation == 0:  # 1 = Fog\n",
    "            current_state = 0  # State 0 for fog\n",
    "        elif current_observation == 1:  # 2 = Sunny\n",
    "            current_state = 1  # State 1 for sunny\n",
    "        elif current_observation == 2:  # 3 = Windy and Humidity\n",
    "            current_state = 2  # State 2 for windy and humidity\n",
    "        elif current_observation == 3:  # 4 = Cloudy\n",
    "            current_state = 3  # State 3 for cloudy\n",
    "        else:  # 5 = Rain\n",
    "            current_state = 4  # State 4 for rain\n",
    "\n",
    "        emission_matrix[current_state][current_observation] += 1\n",
    "\n",
    "    # Apply Laplace smoothing\n",
    "    alpha = 1  # Smoothing factor\n",
    "    emission_matrix += alpha\n",
    "    emission_matrix /= emission_matrix.sum(axis=1, keepdims=True)\n",
    "\n",
    "    return emission_matrix\n",
    "\n",
    "# Forward Algorithm\n",
    "def forward_algorithm(obs_sequence, transition_matrix, emission_matrix, initial_state_distribution):\n",
    "    n_obs = len(obs_sequence)\n",
    "    alpha = np.zeros((n_obs, n_states))\n",
    "    alpha[0, :] = initial_state_distribution * emission_matrix[:, obs_sequence[0]]\n",
    "    \n",
    "    for t in range(1, n_obs):\n",
    "        for j in range(n_states):\n",
    "            alpha[t, j] = np.sum(alpha[t - 1, :] * transition_matrix[:, j]) * emission_matrix[j, obs_sequence[t]]\n",
    "    \n",
    "    \n",
    "    return alpha\n",
    "\n",
    "# Viterbi Algorithm\n",
    "def viterbi(obs_sequence, transition_matrix, emission_matrix, initial_state_distribution):\n",
    "    n_obs = len(obs_sequence)\n",
    "    viterbi = np.zeros((n_obs, n_states))\n",
    "    backpointer = np.zeros((n_obs, n_states), dtype=int)\n",
    "    viterbi[0, :] = initial_state_distribution * emission_matrix[:, obs_sequence[0]]\n",
    "    \n",
    "    for t in range(1, n_obs):\n",
    "        for j in range(n_states):\n",
    "            max_prob = np.max(viterbi[t - 1, :] * transition_matrix[:, j])\n",
    "            backpointer[t, j] = np.argmax(viterbi[t - 1, :] * transition_matrix[:, j])\n",
    "            viterbi[t, j] = max_prob * emission_matrix[j, obs_sequence[t]]\n",
    "    \n",
    "    best_path = np.zeros(n_obs, dtype=int)\n",
    "    best_path[-1] = np.argmax(viterbi[-1, :])\n",
    "    \n",
    "    for t in range(n_obs - 2, -1, -1):\n",
    "        best_path[t] = backpointer[t + 1, best_path[t + 1]]\n",
    "    \n",
    "    return best_path\n",
    "\n",
    "# Main function to execute all steps\n",
    "def main():\n",
    "    # Compute matrices\n",
    "    initial_probabilities = compute_initial_probabilities(weather_data)\n",
    "    transition_matrix = compute_transition_matrix(weather_data)\n",
    "    emission_matrix = compute_emission_matrix(weather_data)\n",
    "\n",
    "    # Convert weather data to observation sequence (0-indexed)\n",
    "    obs_sequence = [int(obs) - 1 for obs in weather_data]\n",
    "\n",
    "    # Run the forward algorithm\n",
    "    alpha = forward_algorithm(obs_sequence, transition_matrix, emission_matrix, initial_probabilities)\n",
    "    print(\"Forward Algorithm Output (alpha):\")\n",
    "    print(alpha)\n",
    "    \n",
    "\n",
    "    # Run the Viterbi algorithm\n",
    "    best_path = viterbi(obs_sequence, transition_matrix, emission_matrix, initial_probabilities)\n",
    "    print(\"Most Probable Hidden State Sequence (0-indexed):\")\n",
    "    print(best_path)\n",
    "\n",
    "    # Print transition, initial, and emission matrices\n",
    "    print(\"Initial Probabilities:\")\n",
    "    print(initial_probabilities)\n",
    "    print(\"Transition Matrix:\")\n",
    "    print(transition_matrix)\n",
    "    print(\"Emission Matrix:\")\n",
    "    print(emission_matrix)\n",
    "\n",
    "if __name__ == \"__main__\":\n",
    "    main()\n"
   ]
  },
  {
   "cell_type": "code",
   "execution_count": null,
   "id": "e4799192-999d-422a-9574-9499b8c6022e",
   "metadata": {},
   "outputs": [],
   "source": []
  }
 ],
 "metadata": {
  "kernelspec": {
   "display_name": "Python 3 (ipykernel)",
   "language": "python",
   "name": "python3"
  },
  "language_info": {
   "codemirror_mode": {
    "name": "ipython",
    "version": 3
   },
   "file_extension": ".py",
   "mimetype": "text/x-python",
   "name": "python",
   "nbconvert_exporter": "python",
   "pygments_lexer": "ipython3",
   "version": "3.12.3"
  }
 },
 "nbformat": 4,
 "nbformat_minor": 5
}
